{
 "cells": [
  {
   "cell_type": "markdown",
   "metadata": {},
   "source": [
    "#### Name : Tazmeen Afroz\n",
    "#### 22P-9252\n",
    "#### BAI-5A\n",
    "#### ML-LAB-TASK-09"
   ]
  },
  {
   "cell_type": "code",
   "execution_count": 35,
   "metadata": {},
   "outputs": [
    {
     "data": {
      "text/html": [
       "<div>\n",
       "<style scoped>\n",
       "    .dataframe tbody tr th:only-of-type {\n",
       "        vertical-align: middle;\n",
       "    }\n",
       "\n",
       "    .dataframe tbody tr th {\n",
       "        vertical-align: top;\n",
       "    }\n",
       "\n",
       "    .dataframe thead th {\n",
       "        text-align: right;\n",
       "    }\n",
       "</style>\n",
       "<table border=\"1\" class=\"dataframe\">\n",
       "  <thead>\n",
       "    <tr style=\"text-align: right;\">\n",
       "      <th></th>\n",
       "      <th>male</th>\n",
       "      <th>age</th>\n",
       "      <th>education</th>\n",
       "      <th>currentSmoker</th>\n",
       "      <th>cigsPerDay</th>\n",
       "      <th>BPMeds</th>\n",
       "      <th>prevalentStroke</th>\n",
       "      <th>prevalentHyp</th>\n",
       "      <th>diabetes</th>\n",
       "      <th>totChol</th>\n",
       "      <th>sysBP</th>\n",
       "      <th>diaBP</th>\n",
       "      <th>BMI</th>\n",
       "      <th>heartRate</th>\n",
       "      <th>glucose</th>\n",
       "      <th>TenYearCHD</th>\n",
       "    </tr>\n",
       "  </thead>\n",
       "  <tbody>\n",
       "    <tr>\n",
       "      <th>4229</th>\n",
       "      <td>0</td>\n",
       "      <td>51</td>\n",
       "      <td>3.0</td>\n",
       "      <td>1</td>\n",
       "      <td>20.0</td>\n",
       "      <td>0.0</td>\n",
       "      <td>0</td>\n",
       "      <td>1</td>\n",
       "      <td>0</td>\n",
       "      <td>251.0</td>\n",
       "      <td>140.0</td>\n",
       "      <td>80.0</td>\n",
       "      <td>25.60</td>\n",
       "      <td>75.0</td>\n",
       "      <td>NaN</td>\n",
       "      <td>0</td>\n",
       "    </tr>\n",
       "    <tr>\n",
       "      <th>4230</th>\n",
       "      <td>0</td>\n",
       "      <td>56</td>\n",
       "      <td>1.0</td>\n",
       "      <td>1</td>\n",
       "      <td>3.0</td>\n",
       "      <td>0.0</td>\n",
       "      <td>0</td>\n",
       "      <td>1</td>\n",
       "      <td>0</td>\n",
       "      <td>268.0</td>\n",
       "      <td>170.0</td>\n",
       "      <td>102.0</td>\n",
       "      <td>22.89</td>\n",
       "      <td>57.0</td>\n",
       "      <td>NaN</td>\n",
       "      <td>0</td>\n",
       "    </tr>\n",
       "    <tr>\n",
       "      <th>4231</th>\n",
       "      <td>1</td>\n",
       "      <td>58</td>\n",
       "      <td>3.0</td>\n",
       "      <td>0</td>\n",
       "      <td>0.0</td>\n",
       "      <td>0.0</td>\n",
       "      <td>0</td>\n",
       "      <td>1</td>\n",
       "      <td>0</td>\n",
       "      <td>187.0</td>\n",
       "      <td>141.0</td>\n",
       "      <td>81.0</td>\n",
       "      <td>24.96</td>\n",
       "      <td>80.0</td>\n",
       "      <td>81.0</td>\n",
       "      <td>0</td>\n",
       "    </tr>\n",
       "    <tr>\n",
       "      <th>4232</th>\n",
       "      <td>1</td>\n",
       "      <td>68</td>\n",
       "      <td>1.0</td>\n",
       "      <td>0</td>\n",
       "      <td>0.0</td>\n",
       "      <td>0.0</td>\n",
       "      <td>0</td>\n",
       "      <td>1</td>\n",
       "      <td>0</td>\n",
       "      <td>176.0</td>\n",
       "      <td>168.0</td>\n",
       "      <td>97.0</td>\n",
       "      <td>23.14</td>\n",
       "      <td>60.0</td>\n",
       "      <td>79.0</td>\n",
       "      <td>1</td>\n",
       "    </tr>\n",
       "    <tr>\n",
       "      <th>4233</th>\n",
       "      <td>1</td>\n",
       "      <td>50</td>\n",
       "      <td>1.0</td>\n",
       "      <td>1</td>\n",
       "      <td>1.0</td>\n",
       "      <td>0.0</td>\n",
       "      <td>0</td>\n",
       "      <td>1</td>\n",
       "      <td>0</td>\n",
       "      <td>313.0</td>\n",
       "      <td>179.0</td>\n",
       "      <td>92.0</td>\n",
       "      <td>25.97</td>\n",
       "      <td>66.0</td>\n",
       "      <td>86.0</td>\n",
       "      <td>1</td>\n",
       "    </tr>\n",
       "    <tr>\n",
       "      <th>4234</th>\n",
       "      <td>1</td>\n",
       "      <td>51</td>\n",
       "      <td>3.0</td>\n",
       "      <td>1</td>\n",
       "      <td>43.0</td>\n",
       "      <td>0.0</td>\n",
       "      <td>0</td>\n",
       "      <td>0</td>\n",
       "      <td>0</td>\n",
       "      <td>207.0</td>\n",
       "      <td>126.5</td>\n",
       "      <td>80.0</td>\n",
       "      <td>19.71</td>\n",
       "      <td>65.0</td>\n",
       "      <td>68.0</td>\n",
       "      <td>0</td>\n",
       "    </tr>\n",
       "    <tr>\n",
       "      <th>4235</th>\n",
       "      <td>0</td>\n",
       "      <td>48</td>\n",
       "      <td>2.0</td>\n",
       "      <td>1</td>\n",
       "      <td>20.0</td>\n",
       "      <td>NaN</td>\n",
       "      <td>0</td>\n",
       "      <td>0</td>\n",
       "      <td>0</td>\n",
       "      <td>248.0</td>\n",
       "      <td>131.0</td>\n",
       "      <td>72.0</td>\n",
       "      <td>22.00</td>\n",
       "      <td>84.0</td>\n",
       "      <td>86.0</td>\n",
       "      <td>0</td>\n",
       "    </tr>\n",
       "    <tr>\n",
       "      <th>4236</th>\n",
       "      <td>0</td>\n",
       "      <td>44</td>\n",
       "      <td>1.0</td>\n",
       "      <td>1</td>\n",
       "      <td>15.0</td>\n",
       "      <td>0.0</td>\n",
       "      <td>0</td>\n",
       "      <td>0</td>\n",
       "      <td>0</td>\n",
       "      <td>210.0</td>\n",
       "      <td>126.5</td>\n",
       "      <td>87.0</td>\n",
       "      <td>19.16</td>\n",
       "      <td>86.0</td>\n",
       "      <td>NaN</td>\n",
       "      <td>0</td>\n",
       "    </tr>\n",
       "    <tr>\n",
       "      <th>4237</th>\n",
       "      <td>0</td>\n",
       "      <td>52</td>\n",
       "      <td>2.0</td>\n",
       "      <td>0</td>\n",
       "      <td>0.0</td>\n",
       "      <td>0.0</td>\n",
       "      <td>0</td>\n",
       "      <td>0</td>\n",
       "      <td>0</td>\n",
       "      <td>269.0</td>\n",
       "      <td>133.5</td>\n",
       "      <td>83.0</td>\n",
       "      <td>21.47</td>\n",
       "      <td>80.0</td>\n",
       "      <td>107.0</td>\n",
       "      <td>0</td>\n",
       "    </tr>\n",
       "  </tbody>\n",
       "</table>\n",
       "</div>"
      ],
      "text/plain": [
       "      male  age  education  currentSmoker  cigsPerDay  BPMeds  \\\n",
       "4229     0   51        3.0              1        20.0     0.0   \n",
       "4230     0   56        1.0              1         3.0     0.0   \n",
       "4231     1   58        3.0              0         0.0     0.0   \n",
       "4232     1   68        1.0              0         0.0     0.0   \n",
       "4233     1   50        1.0              1         1.0     0.0   \n",
       "4234     1   51        3.0              1        43.0     0.0   \n",
       "4235     0   48        2.0              1        20.0     NaN   \n",
       "4236     0   44        1.0              1        15.0     0.0   \n",
       "4237     0   52        2.0              0         0.0     0.0   \n",
       "\n",
       "      prevalentStroke  prevalentHyp  diabetes  totChol  sysBP  diaBP    BMI  \\\n",
       "4229                0             1         0    251.0  140.0   80.0  25.60   \n",
       "4230                0             1         0    268.0  170.0  102.0  22.89   \n",
       "4231                0             1         0    187.0  141.0   81.0  24.96   \n",
       "4232                0             1         0    176.0  168.0   97.0  23.14   \n",
       "4233                0             1         0    313.0  179.0   92.0  25.97   \n",
       "4234                0             0         0    207.0  126.5   80.0  19.71   \n",
       "4235                0             0         0    248.0  131.0   72.0  22.00   \n",
       "4236                0             0         0    210.0  126.5   87.0  19.16   \n",
       "4237                0             0         0    269.0  133.5   83.0  21.47   \n",
       "\n",
       "      heartRate  glucose  TenYearCHD  \n",
       "4229       75.0      NaN           0  \n",
       "4230       57.0      NaN           0  \n",
       "4231       80.0     81.0           0  \n",
       "4232       60.0     79.0           1  \n",
       "4233       66.0     86.0           1  \n",
       "4234       65.0     68.0           0  \n",
       "4235       84.0     86.0           0  \n",
       "4236       86.0      NaN           0  \n",
       "4237       80.0    107.0           0  "
      ]
     },
     "execution_count": 35,
     "metadata": {},
     "output_type": "execute_result"
    }
   ],
   "source": [
    "import pandas as pd\n",
    "import numpy as np\n",
    "\n",
    "data = pd.read_csv('./framingham.csv')\n",
    "data.tail(9)"
   ]
  },
  {
   "cell_type": "code",
   "execution_count": 36,
   "metadata": {},
   "outputs": [
    {
     "name": "stdout",
     "output_type": "stream",
     "text": [
      "<class 'pandas.core.frame.DataFrame'>\n",
      "RangeIndex: 4238 entries, 0 to 4237\n",
      "Data columns (total 16 columns):\n",
      " #   Column           Non-Null Count  Dtype  \n",
      "---  ------           --------------  -----  \n",
      " 0   male             4238 non-null   int64  \n",
      " 1   age              4238 non-null   int64  \n",
      " 2   education        4133 non-null   float64\n",
      " 3   currentSmoker    4238 non-null   int64  \n",
      " 4   cigsPerDay       4209 non-null   float64\n",
      " 5   BPMeds           4185 non-null   float64\n",
      " 6   prevalentStroke  4238 non-null   int64  \n",
      " 7   prevalentHyp     4238 non-null   int64  \n",
      " 8   diabetes         4238 non-null   int64  \n",
      " 9   totChol          4188 non-null   float64\n",
      " 10  sysBP            4238 non-null   float64\n",
      " 11  diaBP            4238 non-null   float64\n",
      " 12  BMI              4219 non-null   float64\n",
      " 13  heartRate        4237 non-null   float64\n",
      " 14  glucose          3850 non-null   float64\n",
      " 15  TenYearCHD       4238 non-null   int64  \n",
      "dtypes: float64(9), int64(7)\n",
      "memory usage: 529.9 KB\n"
     ]
    }
   ],
   "source": [
    "data.info()"
   ]
  },
  {
   "cell_type": "code",
   "execution_count": 37,
   "metadata": {},
   "outputs": [
    {
     "name": "stdout",
     "output_type": "stream",
     "text": [
      "missing values in the dataset\n",
      "male                 0\n",
      "age                  0\n",
      "education          105\n",
      "currentSmoker        0\n",
      "cigsPerDay          29\n",
      "BPMeds              53\n",
      "prevalentStroke      0\n",
      "prevalentHyp         0\n",
      "diabetes             0\n",
      "totChol             50\n",
      "sysBP                0\n",
      "diaBP                0\n",
      "BMI                 19\n",
      "heartRate            1\n",
      "glucose            388\n",
      "TenYearCHD           0\n",
      "dtype: int64\n"
     ]
    }
   ],
   "source": [
    "#missing values in the dataset\n",
    "print(\"missing values in the dataset\")\n",
    "print(data.isnull().sum())"
   ]
  },
  {
   "cell_type": "code",
   "execution_count": 38,
   "metadata": {},
   "outputs": [
    {
     "name": "stdout",
     "output_type": "stream",
     "text": [
      "missing values in the dataset\n",
      "male               0\n",
      "age                0\n",
      "education          0\n",
      "currentSmoker      0\n",
      "cigsPerDay         0\n",
      "BPMeds             0\n",
      "prevalentStroke    0\n",
      "prevalentHyp       0\n",
      "diabetes           0\n",
      "totChol            0\n",
      "sysBP              0\n",
      "diaBP              0\n",
      "BMI                0\n",
      "heartRate          0\n",
      "glucose            0\n",
      "TenYearCHD         0\n",
      "dtype: int64\n"
     ]
    }
   ],
   "source": [
    "#handling missing values\n",
    "\n",
    "#filling missing values with mean\n",
    "data = data.fillna(data.mean())\n",
    "\n",
    "#missing values in the dataset\n",
    "print(\"missing values in the dataset\")\n",
    "print(data.isnull().sum())\n",
    "\n"
   ]
  },
  {
   "cell_type": "code",
   "execution_count": 39,
   "metadata": {},
   "outputs": [
    {
     "data": {
      "application/vnd.plotly.v1+json": {
       "config": {
        "plotlyServerURL": "https://plot.ly"
       },
       "data": [
        {
         "coloraxis": "coloraxis",
         "hovertemplate": "x: %{x}<br>y: %{y}<br>color: %{z}<extra></extra>",
         "name": "0",
         "type": "heatmap",
         "x": [
          "male",
          "age",
          "education",
          "currentSmoker",
          "cigsPerDay",
          "BPMeds",
          "prevalentStroke",
          "prevalentHyp",
          "diabetes",
          "totChol",
          "sysBP",
          "diaBP",
          "BMI",
          "heartRate",
          "glucose",
          "TenYearCHD"
         ],
         "xaxis": "x",
         "y": [
          "male",
          "age",
          "education",
          "currentSmoker",
          "cigsPerDay",
          "BPMeds",
          "prevalentStroke",
          "prevalentHyp",
          "diabetes",
          "totChol",
          "sysBP",
          "diaBP",
          "BMI",
          "heartRate",
          "glucose",
          "TenYearCHD"
         ],
         "yaxis": "y",
         "z": [
          [
           1,
           -0.02897863938604286,
           0.01712603885182571,
           0.1975964735347461,
           0.3168065491012378,
           -0.05220433228822404,
           -0.004546326644938703,
           0.0053133490608055925,
           0.015707987432113265,
           -0.06997381065530425,
           -0.035989265418974334,
           0.057933468655128176,
           0.08150638304139489,
           -0.116601272203337,
           0.0058176601731677055,
           0.08842756735157493
          ],
          [
           -0.02897863938604286,
           1,
           -0.16361335380460224,
           -0.213747945265249,
           -0.19236614495468327,
           0.12198007123306454,
           0.05765481580465202,
           0.3071940768671203,
           0.10125768873071221,
           0.26027039650350897,
           0.3943015379245825,
           0.20610398945367533,
           0.1352829488268019,
           -0.012818715819544144,
           0.11685049795044745,
           0.22525610383059044
          ],
          [
           0.01712603885182571,
           -0.16361335380460224,
           1,
           0.018301257313925897,
           0.007962253057675958,
           -0.010607169179072935,
           -0.035109839653858096,
           -0.08099347891651577,
           -0.03814573127645826,
           -0.022507019567446072,
           -0.12825999438542374,
           -0.06175537985592556,
           -0.13563541166306475,
           -0.05362568227249176,
           -0.03372133715538934,
           -0.05338353356673978
          ],
          [
           0.1975964735347461,
           -0.213747945265249,
           0.018301257313925897,
           1,
           0.7669702568443004,
           -0.048632207085896495,
           -0.03298778653239857,
           -0.10325974038796312,
           -0.04429512082472811,
           -0.04628500298942694,
           -0.13023011587156863,
           -0.10774649457796896,
           -0.1672759346115207,
           0.062347974297292066,
           -0.05415679267621775,
           0.019456266284899725
          ],
          [
           0.3168065491012378,
           -0.19236614495468327,
           0.007962253057675958,
           0.7669702568443004,
           1,
           -0.04582557831207984,
           -0.032706481047529656,
           -0.06594748980019037,
           -0.03706334510353195,
           -0.02602478294790577,
           -0.08850485199870356,
           -0.05639117056700431,
           -0.09245270637367531,
           0.07485055704688126,
           -0.05608791041936946,
           0.057774818524806704
          ],
          [
           -0.05220433228822404,
           0.12198007123306454,
           -0.010607169179072935,
           -0.048632207085896495,
           -0.04582557831207984,
           1,
           0.1150029704076821,
           0.2592430570416197,
           0.051571070143827995,
           0.07890873226893927,
           0.2520467746653322,
           0.1924903186178003,
           0.09955153049062865,
           0.015174661827798534,
           0.048905065028040685,
           0.08677416907135302
          ],
          [
           -0.004546326644938703,
           0.05765481580465202,
           -0.035109839653858096,
           -0.03298778653239857,
           -0.032706481047529656,
           0.1150029704076821,
           1,
           0.0748296728205514,
           0.006949243086922416,
           0.00006676639486393027,
           0.05700872197635178,
           0.04519024394350093,
           0.024839699324717798,
           -0.017675582735041558,
           0.01805524452849518,
           0.06180994607791267
          ],
          [
           0.0053133490608055925,
           0.3071940768671203,
           -0.08099347891651577,
           -0.10325974038796312,
           -0.06594748980019037,
           0.2592430570416197,
           0.0748296728205514,
           1,
           0.07780840922749512,
           0.1630409610397134,
           0.6967547676890465,
           0.6157514239418015,
           0.30057202021618734,
           0.14722218523098313,
           0.08292396146846136,
           0.17760273095315632
          ],
          [
           0.015707987432113265,
           0.10125768873071221,
           -0.03814573127645826,
           -0.04429512082472811,
           -0.03706334510353195,
           0.051571070143827995,
           0.006949243086922416,
           0.07780840922749512,
           1,
           0.04009164595301946,
           0.1112834330556605,
           0.05032923354166244,
           0.08624955699304944,
           0.048993453579133754,
           0.605705330812621,
           0.09731651337479544
          ],
          [
           -0.06997381065530425,
           0.26027039650350897,
           -0.022507019567446072,
           -0.04628500298942694,
           -0.02602478294790577,
           0.07890873226893927,
           0.00006676639486393027,
           0.1630409610397134,
           0.04009164595301946,
           1,
           0.2076091244489603,
           0.1639033097062943,
           0.11478936858105428,
           0.09067577667410873,
           0.04458318476168463,
           0.08162410004623247
          ],
          [
           -0.035989265418974334,
           0.3943015379245825,
           -0.12825999438542374,
           -0.13023011587156863,
           -0.08850485199870356,
           0.2520467746653322,
           0.05700872197635178,
           0.6967547676890465,
           0.1112834330556605,
           0.2076091244489603,
           1,
           0.7840020914320167,
           0.32524702895806284,
           0.18217424289655856,
           0.134607549370382,
           0.21642903925772902
          ],
          [
           0.057933468655128176,
           0.20610398945367533,
           -0.06175537985592556,
           -0.10774649457796896,
           -0.05639117056700431,
           0.1924903186178003,
           0.04519024394350093,
           0.6157514239418015,
           0.05032923354166244,
           0.1639033097062943,
           0.7840020914320167,
           1,
           0.37654423677671595,
           0.18124566850447962,
           0.05864743639402406,
           0.14529910399806262
          ],
          [
           0.08150638304139489,
           0.1352829488268019,
           -0.13563541166306475,
           -0.1672759346115207,
           -0.09245270637367531,
           0.09955153049062865,
           0.024839699324717798,
           0.30057202021618734,
           0.08624955699304944,
           0.11478936858105428,
           0.32524702895806284,
           0.37654423677671595,
           1,
           0.0675444098339701,
           0.08210908507702912,
           0.07467997460232212
          ],
          [
           -0.116601272203337,
           -0.012818715819544144,
           -0.05362568227249176,
           0.062347974297292066,
           0.07485055704688126,
           0.015174661827798534,
           -0.017675582735041558,
           0.14722218523098313,
           0.048993453579133754,
           0.09067577667410873,
           0.18217424289655856,
           0.18124566850447962,
           0.0675444098339701,
           1,
           0.0893409459078565,
           0.02289751791718872
          ],
          [
           0.0058176601731677055,
           0.11685049795044745,
           -0.03372133715538934,
           -0.05415679267621775,
           -0.05608791041936946,
           0.048905065028040685,
           0.01805524452849518,
           0.08292396146846136,
           0.605705330812621,
           0.04458318476168463,
           0.134607549370382,
           0.05864743639402406,
           0.08210908507702912,
           0.0893409459078565,
           1,
           0.12040638821803636
          ],
          [
           0.08842756735157493,
           0.22525610383059044,
           -0.05338353356673978,
           0.019456266284899725,
           0.057774818524806704,
           0.08677416907135302,
           0.06180994607791267,
           0.17760273095315632,
           0.09731651337479544,
           0.08162410004623247,
           0.21642903925772902,
           0.14529910399806262,
           0.07467997460232212,
           0.02289751791718872,
           0.12040638821803636,
           1
          ]
         ]
        }
       ],
       "layout": {
        "coloraxis": {
         "colorscale": [
          [
           0,
           "#0d0887"
          ],
          [
           0.1111111111111111,
           "#46039f"
          ],
          [
           0.2222222222222222,
           "#7201a8"
          ],
          [
           0.3333333333333333,
           "#9c179e"
          ],
          [
           0.4444444444444444,
           "#bd3786"
          ],
          [
           0.5555555555555556,
           "#d8576b"
          ],
          [
           0.6666666666666666,
           "#ed7953"
          ],
          [
           0.7777777777777778,
           "#fb9f3a"
          ],
          [
           0.8888888888888888,
           "#fdca26"
          ],
          [
           1,
           "#f0f921"
          ]
         ]
        },
        "margin": {
         "t": 60
        },
        "template": {
         "data": {
          "bar": [
           {
            "error_x": {
             "color": "#2a3f5f"
            },
            "error_y": {
             "color": "#2a3f5f"
            },
            "marker": {
             "line": {
              "color": "#E5ECF6",
              "width": 0.5
             },
             "pattern": {
              "fillmode": "overlay",
              "size": 10,
              "solidity": 0.2
             }
            },
            "type": "bar"
           }
          ],
          "barpolar": [
           {
            "marker": {
             "line": {
              "color": "#E5ECF6",
              "width": 0.5
             },
             "pattern": {
              "fillmode": "overlay",
              "size": 10,
              "solidity": 0.2
             }
            },
            "type": "barpolar"
           }
          ],
          "carpet": [
           {
            "aaxis": {
             "endlinecolor": "#2a3f5f",
             "gridcolor": "white",
             "linecolor": "white",
             "minorgridcolor": "white",
             "startlinecolor": "#2a3f5f"
            },
            "baxis": {
             "endlinecolor": "#2a3f5f",
             "gridcolor": "white",
             "linecolor": "white",
             "minorgridcolor": "white",
             "startlinecolor": "#2a3f5f"
            },
            "type": "carpet"
           }
          ],
          "choropleth": [
           {
            "colorbar": {
             "outlinewidth": 0,
             "ticks": ""
            },
            "type": "choropleth"
           }
          ],
          "contour": [
           {
            "colorbar": {
             "outlinewidth": 0,
             "ticks": ""
            },
            "colorscale": [
             [
              0,
              "#0d0887"
             ],
             [
              0.1111111111111111,
              "#46039f"
             ],
             [
              0.2222222222222222,
              "#7201a8"
             ],
             [
              0.3333333333333333,
              "#9c179e"
             ],
             [
              0.4444444444444444,
              "#bd3786"
             ],
             [
              0.5555555555555556,
              "#d8576b"
             ],
             [
              0.6666666666666666,
              "#ed7953"
             ],
             [
              0.7777777777777778,
              "#fb9f3a"
             ],
             [
              0.8888888888888888,
              "#fdca26"
             ],
             [
              1,
              "#f0f921"
             ]
            ],
            "type": "contour"
           }
          ],
          "contourcarpet": [
           {
            "colorbar": {
             "outlinewidth": 0,
             "ticks": ""
            },
            "type": "contourcarpet"
           }
          ],
          "heatmap": [
           {
            "colorbar": {
             "outlinewidth": 0,
             "ticks": ""
            },
            "colorscale": [
             [
              0,
              "#0d0887"
             ],
             [
              0.1111111111111111,
              "#46039f"
             ],
             [
              0.2222222222222222,
              "#7201a8"
             ],
             [
              0.3333333333333333,
              "#9c179e"
             ],
             [
              0.4444444444444444,
              "#bd3786"
             ],
             [
              0.5555555555555556,
              "#d8576b"
             ],
             [
              0.6666666666666666,
              "#ed7953"
             ],
             [
              0.7777777777777778,
              "#fb9f3a"
             ],
             [
              0.8888888888888888,
              "#fdca26"
             ],
             [
              1,
              "#f0f921"
             ]
            ],
            "type": "heatmap"
           }
          ],
          "heatmapgl": [
           {
            "colorbar": {
             "outlinewidth": 0,
             "ticks": ""
            },
            "colorscale": [
             [
              0,
              "#0d0887"
             ],
             [
              0.1111111111111111,
              "#46039f"
             ],
             [
              0.2222222222222222,
              "#7201a8"
             ],
             [
              0.3333333333333333,
              "#9c179e"
             ],
             [
              0.4444444444444444,
              "#bd3786"
             ],
             [
              0.5555555555555556,
              "#d8576b"
             ],
             [
              0.6666666666666666,
              "#ed7953"
             ],
             [
              0.7777777777777778,
              "#fb9f3a"
             ],
             [
              0.8888888888888888,
              "#fdca26"
             ],
             [
              1,
              "#f0f921"
             ]
            ],
            "type": "heatmapgl"
           }
          ],
          "histogram": [
           {
            "marker": {
             "pattern": {
              "fillmode": "overlay",
              "size": 10,
              "solidity": 0.2
             }
            },
            "type": "histogram"
           }
          ],
          "histogram2d": [
           {
            "colorbar": {
             "outlinewidth": 0,
             "ticks": ""
            },
            "colorscale": [
             [
              0,
              "#0d0887"
             ],
             [
              0.1111111111111111,
              "#46039f"
             ],
             [
              0.2222222222222222,
              "#7201a8"
             ],
             [
              0.3333333333333333,
              "#9c179e"
             ],
             [
              0.4444444444444444,
              "#bd3786"
             ],
             [
              0.5555555555555556,
              "#d8576b"
             ],
             [
              0.6666666666666666,
              "#ed7953"
             ],
             [
              0.7777777777777778,
              "#fb9f3a"
             ],
             [
              0.8888888888888888,
              "#fdca26"
             ],
             [
              1,
              "#f0f921"
             ]
            ],
            "type": "histogram2d"
           }
          ],
          "histogram2dcontour": [
           {
            "colorbar": {
             "outlinewidth": 0,
             "ticks": ""
            },
            "colorscale": [
             [
              0,
              "#0d0887"
             ],
             [
              0.1111111111111111,
              "#46039f"
             ],
             [
              0.2222222222222222,
              "#7201a8"
             ],
             [
              0.3333333333333333,
              "#9c179e"
             ],
             [
              0.4444444444444444,
              "#bd3786"
             ],
             [
              0.5555555555555556,
              "#d8576b"
             ],
             [
              0.6666666666666666,
              "#ed7953"
             ],
             [
              0.7777777777777778,
              "#fb9f3a"
             ],
             [
              0.8888888888888888,
              "#fdca26"
             ],
             [
              1,
              "#f0f921"
             ]
            ],
            "type": "histogram2dcontour"
           }
          ],
          "mesh3d": [
           {
            "colorbar": {
             "outlinewidth": 0,
             "ticks": ""
            },
            "type": "mesh3d"
           }
          ],
          "parcoords": [
           {
            "line": {
             "colorbar": {
              "outlinewidth": 0,
              "ticks": ""
             }
            },
            "type": "parcoords"
           }
          ],
          "pie": [
           {
            "automargin": true,
            "type": "pie"
           }
          ],
          "scatter": [
           {
            "fillpattern": {
             "fillmode": "overlay",
             "size": 10,
             "solidity": 0.2
            },
            "type": "scatter"
           }
          ],
          "scatter3d": [
           {
            "line": {
             "colorbar": {
              "outlinewidth": 0,
              "ticks": ""
             }
            },
            "marker": {
             "colorbar": {
              "outlinewidth": 0,
              "ticks": ""
             }
            },
            "type": "scatter3d"
           }
          ],
          "scattercarpet": [
           {
            "marker": {
             "colorbar": {
              "outlinewidth": 0,
              "ticks": ""
             }
            },
            "type": "scattercarpet"
           }
          ],
          "scattergeo": [
           {
            "marker": {
             "colorbar": {
              "outlinewidth": 0,
              "ticks": ""
             }
            },
            "type": "scattergeo"
           }
          ],
          "scattergl": [
           {
            "marker": {
             "colorbar": {
              "outlinewidth": 0,
              "ticks": ""
             }
            },
            "type": "scattergl"
           }
          ],
          "scattermapbox": [
           {
            "marker": {
             "colorbar": {
              "outlinewidth": 0,
              "ticks": ""
             }
            },
            "type": "scattermapbox"
           }
          ],
          "scatterpolar": [
           {
            "marker": {
             "colorbar": {
              "outlinewidth": 0,
              "ticks": ""
             }
            },
            "type": "scatterpolar"
           }
          ],
          "scatterpolargl": [
           {
            "marker": {
             "colorbar": {
              "outlinewidth": 0,
              "ticks": ""
             }
            },
            "type": "scatterpolargl"
           }
          ],
          "scatterternary": [
           {
            "marker": {
             "colorbar": {
              "outlinewidth": 0,
              "ticks": ""
             }
            },
            "type": "scatterternary"
           }
          ],
          "surface": [
           {
            "colorbar": {
             "outlinewidth": 0,
             "ticks": ""
            },
            "colorscale": [
             [
              0,
              "#0d0887"
             ],
             [
              0.1111111111111111,
              "#46039f"
             ],
             [
              0.2222222222222222,
              "#7201a8"
             ],
             [
              0.3333333333333333,
              "#9c179e"
             ],
             [
              0.4444444444444444,
              "#bd3786"
             ],
             [
              0.5555555555555556,
              "#d8576b"
             ],
             [
              0.6666666666666666,
              "#ed7953"
             ],
             [
              0.7777777777777778,
              "#fb9f3a"
             ],
             [
              0.8888888888888888,
              "#fdca26"
             ],
             [
              1,
              "#f0f921"
             ]
            ],
            "type": "surface"
           }
          ],
          "table": [
           {
            "cells": {
             "fill": {
              "color": "#EBF0F8"
             },
             "line": {
              "color": "white"
             }
            },
            "header": {
             "fill": {
              "color": "#C8D4E3"
             },
             "line": {
              "color": "white"
             }
            },
            "type": "table"
           }
          ]
         },
         "layout": {
          "annotationdefaults": {
           "arrowcolor": "#2a3f5f",
           "arrowhead": 0,
           "arrowwidth": 1
          },
          "autotypenumbers": "strict",
          "coloraxis": {
           "colorbar": {
            "outlinewidth": 0,
            "ticks": ""
           }
          },
          "colorscale": {
           "diverging": [
            [
             0,
             "#8e0152"
            ],
            [
             0.1,
             "#c51b7d"
            ],
            [
             0.2,
             "#de77ae"
            ],
            [
             0.3,
             "#f1b6da"
            ],
            [
             0.4,
             "#fde0ef"
            ],
            [
             0.5,
             "#f7f7f7"
            ],
            [
             0.6,
             "#e6f5d0"
            ],
            [
             0.7,
             "#b8e186"
            ],
            [
             0.8,
             "#7fbc41"
            ],
            [
             0.9,
             "#4d9221"
            ],
            [
             1,
             "#276419"
            ]
           ],
           "sequential": [
            [
             0,
             "#0d0887"
            ],
            [
             0.1111111111111111,
             "#46039f"
            ],
            [
             0.2222222222222222,
             "#7201a8"
            ],
            [
             0.3333333333333333,
             "#9c179e"
            ],
            [
             0.4444444444444444,
             "#bd3786"
            ],
            [
             0.5555555555555556,
             "#d8576b"
            ],
            [
             0.6666666666666666,
             "#ed7953"
            ],
            [
             0.7777777777777778,
             "#fb9f3a"
            ],
            [
             0.8888888888888888,
             "#fdca26"
            ],
            [
             1,
             "#f0f921"
            ]
           ],
           "sequentialminus": [
            [
             0,
             "#0d0887"
            ],
            [
             0.1111111111111111,
             "#46039f"
            ],
            [
             0.2222222222222222,
             "#7201a8"
            ],
            [
             0.3333333333333333,
             "#9c179e"
            ],
            [
             0.4444444444444444,
             "#bd3786"
            ],
            [
             0.5555555555555556,
             "#d8576b"
            ],
            [
             0.6666666666666666,
             "#ed7953"
            ],
            [
             0.7777777777777778,
             "#fb9f3a"
            ],
            [
             0.8888888888888888,
             "#fdca26"
            ],
            [
             1,
             "#f0f921"
            ]
           ]
          },
          "colorway": [
           "#636efa",
           "#EF553B",
           "#00cc96",
           "#ab63fa",
           "#FFA15A",
           "#19d3f3",
           "#FF6692",
           "#B6E880",
           "#FF97FF",
           "#FECB52"
          ],
          "font": {
           "color": "#2a3f5f"
          },
          "geo": {
           "bgcolor": "white",
           "lakecolor": "white",
           "landcolor": "#E5ECF6",
           "showlakes": true,
           "showland": true,
           "subunitcolor": "white"
          },
          "hoverlabel": {
           "align": "left"
          },
          "hovermode": "closest",
          "mapbox": {
           "style": "light"
          },
          "paper_bgcolor": "white",
          "plot_bgcolor": "#E5ECF6",
          "polar": {
           "angularaxis": {
            "gridcolor": "white",
            "linecolor": "white",
            "ticks": ""
           },
           "bgcolor": "#E5ECF6",
           "radialaxis": {
            "gridcolor": "white",
            "linecolor": "white",
            "ticks": ""
           }
          },
          "scene": {
           "xaxis": {
            "backgroundcolor": "#E5ECF6",
            "gridcolor": "white",
            "gridwidth": 2,
            "linecolor": "white",
            "showbackground": true,
            "ticks": "",
            "zerolinecolor": "white"
           },
           "yaxis": {
            "backgroundcolor": "#E5ECF6",
            "gridcolor": "white",
            "gridwidth": 2,
            "linecolor": "white",
            "showbackground": true,
            "ticks": "",
            "zerolinecolor": "white"
           },
           "zaxis": {
            "backgroundcolor": "#E5ECF6",
            "gridcolor": "white",
            "gridwidth": 2,
            "linecolor": "white",
            "showbackground": true,
            "ticks": "",
            "zerolinecolor": "white"
           }
          },
